9.025000035762786865e-03 8.122500032186508179e-02 4.750000080093741417e-04 4.275000188499689102e-03 4.750000080093741417e-04 4.275000188499689102e-03 2.499999936844687909e-05 2.249999961350113153e-04 8.122500032186508179e-02 7.310249805450439453e-01 4.275000188499689102e-03 3.847499936819076538e-02 4.275000188499689102e-03 3.847499936819076538e-02 2.249999961350113153e-04 2.025000052526593208e-03 0.000000000000000000e+00
9.025000035762786865e-03 8.122500032186508179e-02 8.122500032186508179e-02 7.310249805450439453e-01 4.750000080093741417e-04 4.275000188499689102e-03 4.275000188499689102e-03 3.847499936819076538e-02 4.750000080093741417e-04 4.275000188499689102e-03 4.275000188499689102e-03 3.847499936819076538e-02 2.499999936844687909e-05 2.249999961350113153e-04 2.249999961350113153e-04 2.025000052526593208e-03 0.000000000000000000e+00
9.025000035762786865e-03 4.750000080093741417e-04 8.122500032186508179e-02 4.275000188499689102e-03 8.122500032186508179e-02 4.275000188499689102e-03 7.310249805450439453e-01 3.847499936819076538e-02 4.750000080093741417e-04 2.499999936844687909e-05 4.275000188499689102e-03 2.249999961350113153e-04 4.275000188499689102e-03 2.249999961350113153e-04 3.847499936819076538e-02 2.025000052526593208e-03 0.000000000000000000e+00
9.025000035762786865e-03 4.750000080093741417e-04 4.750000080093741417e-04 2.499999936844687909e-05 8.122500032186508179e-02 4.275000188499689102e-03 4.275000188499689102e-03 2.249999961350113153e-04 8.122500032186508179e-02 4.275000188499689102e-03 4.275000188499689102e-03 2.249999961350113153e-04 7.310249805450439453e-01 3.847499936819076538e-02 3.847499936819076538e-02 2.025000052526593208e-03 0.000000000000000000e+00
8.573749661445617676e-02 4.512500017881393433e-03 4.512500017881393433e-03 2.375000040046870708e-04 4.512500017881393433e-03 2.375000040046870708e-04 2.375000040046870708e-04 1.249999968422343954e-05 7.716374993324279785e-01 4.061250016093254089e-02 4.061250016093254089e-02 2.137500094249844551e-03 4.061250016093254089e-02 2.137500094249844551e-03 2.137500094249844551e-03 1.124999980675056577e-04 0.000000000000000000e+00
8.573749661445617676e-02 7.716374993324279785e-01 4.512500017881393433e-03 4.061250016093254089e-02 4.512500017881393433e-03 4.061250016093254089e-02 2.375000040046870708e-04 2.137500094249844551e-03 4.512500017881393433e-03 4.061250016093254089e-02 2.375000040046870708e-04 2.137500094249844551e-03 2.375000040046870708e-04 2.137500094249844551e-03 1.249999968422343954e-05 1.124999980675056577e-04 0.000000000000000000e+00
8.573749661445617676e-02 4.512500017881393433e-03 7.716374993324279785e-01 4.061250016093254089e-02 4.512500017881393433e-03 2.375000040046870708e-04 4.061250016093254089e-02 2.137500094249844551e-03 4.512500017881393433e-03 2.375000040046870708e-04 4.061250016093254089e-02 2.137500094249844551e-03 2.375000040046870708e-04 1.249999968422343954e-05 2.137500094249844551e-03 1.124999980675056577e-04 0.000000000000000000e+00
8.573749661445617676e-02 4.512500017881393433e-03 4.512500017881393433e-03 2.375000040046870708e-04 7.716374993324279785e-01 4.061250016093254089e-02 4.061250016093254089e-02 2.137500094249844551e-03 4.512500017881393433e-03 2.375000040046870708e-04 2.375000040046870708e-04 1.249999968422343954e-05 4.061250016093254089e-02 2.137500094249844551e-03 2.137500094249844551e-03 1.124999980675056577e-04 0.000000000000000000e+00
0.000000000000000000e+00 0.000000000000000000e+00 0.000000000000000000e+00 0.000000000000000000e+00 0.000000000000000000e+00 0.000000000000000000e+00 0.000000000000000000e+00 0.000000000000000000e+00 0.000000000000000000e+00 0.000000000000000000e+00 0.000000000000000000e+00 0.000000000000000000e+00 0.000000000000000000e+00 0.000000000000000000e+00 0.000000000000000000e+00 0.000000000000000000e+00 1.000000000000000000e+00
0.000000000000000000e+00 0.000000000000000000e+00 0.000000000000000000e+00 0.000000000000000000e+00 0.000000000000000000e+00 0.000000000000000000e+00 0.000000000000000000e+00 0.000000000000000000e+00 0.000000000000000000e+00 0.000000000000000000e+00 0.000000000000000000e+00 0.000000000000000000e+00 0.000000000000000000e+00 0.000000000000000000e+00 0.000000000000000000e+00 0.000000000000000000e+00 1.000000000000000000e+00
0.000000000000000000e+00 0.000000000000000000e+00 0.000000000000000000e+00 0.000000000000000000e+00 0.000000000000000000e+00 0.000000000000000000e+00 0.000000000000000000e+00 0.000000000000000000e+00 0.000000000000000000e+00 0.000000000000000000e+00 0.000000000000000000e+00 0.000000000000000000e+00 0.000000000000000000e+00 0.000000000000000000e+00 0.000000000000000000e+00 0.000000000000000000e+00 1.000000000000000000e+00
0.000000000000000000e+00 0.000000000000000000e+00 0.000000000000000000e+00 0.000000000000000000e+00 0.000000000000000000e+00 0.000000000000000000e+00 0.000000000000000000e+00 0.000000000000000000e+00 0.000000000000000000e+00 0.000000000000000000e+00 0.000000000000000000e+00 0.000000000000000000e+00 0.000000000000000000e+00 0.000000000000000000e+00 0.000000000000000000e+00 0.000000000000000000e+00 1.000000000000000000e+00
8.573749661445617676e-02 4.512500017881393433e-03 4.512500017881393433e-03 2.375000040046870708e-04 4.512500017881393433e-03 2.375000040046870708e-04 2.375000040046870708e-04 1.249999968422343954e-05 7.716374993324279785e-01 4.061250016093254089e-02 4.061250016093254089e-02 2.137500094249844551e-03 4.061250016093254089e-02 2.137500094249844551e-03 2.137500094249844551e-03 1.124999980675056577e-04 0.000000000000000000e+00
8.573749661445617676e-02 7.716374993324279785e-01 4.512500017881393433e-03 4.061250016093254089e-02 4.512500017881393433e-03 4.061250016093254089e-02 2.375000040046870708e-04 2.137500094249844551e-03 4.512500017881393433e-03 4.061250016093254089e-02 2.375000040046870708e-04 2.137500094249844551e-03 2.375000040046870708e-04 2.137500094249844551e-03 1.249999968422343954e-05 1.124999980675056577e-04 0.000000000000000000e+00
8.573749661445617676e-02 4.512500017881393433e-03 7.716374993324279785e-01 4.061250016093254089e-02 4.512500017881393433e-03 2.375000040046870708e-04 4.061250016093254089e-02 2.137500094249844551e-03 4.512500017881393433e-03 2.375000040046870708e-04 4.061250016093254089e-02 2.137500094249844551e-03 2.375000040046870708e-04 1.249999968422343954e-05 2.137500094249844551e-03 1.124999980675056577e-04 0.000000000000000000e+00
8.573749661445617676e-02 4.512500017881393433e-03 4.512500017881393433e-03 2.375000040046870708e-04 7.716374993324279785e-01 4.061250016093254089e-02 4.061250016093254089e-02 2.137500094249844551e-03 4.512500017881393433e-03 2.375000040046870708e-04 2.375000040046870708e-04 1.249999968422343954e-05 4.061250016093254089e-02 2.137500094249844551e-03 2.137500094249844551e-03 1.124999980675056577e-04 0.000000000000000000e+00
9.025000035762786865e-03 4.750000080093741417e-04 4.750000080093741417e-04 2.499999936844687909e-05 8.122500032186508179e-02 4.275000188499689102e-03 4.275000188499689102e-03 2.249999961350113153e-04 8.122500032186508179e-02 4.275000188499689102e-03 4.275000188499689102e-03 2.249999961350113153e-04 7.310249805450439453e-01 3.847499936819076538e-02 3.847499936819076538e-02 2.025000052526593208e-03 0.000000000000000000e+00
9.025000035762786865e-03 8.122500032186508179e-02 4.750000080093741417e-04 4.275000188499689102e-03 4.750000080093741417e-04 4.275000188499689102e-03 2.499999936844687909e-05 2.249999961350113153e-04 8.122500032186508179e-02 7.310249805450439453e-01 4.275000188499689102e-03 3.847499936819076538e-02 4.275000188499689102e-03 3.847499936819076538e-02 2.249999961350113153e-04 2.025000052526593208e-03 0.000000000000000000e+00
9.025000035762786865e-03 8.122500032186508179e-02 8.122500032186508179e-02 7.310249805450439453e-01 4.750000080093741417e-04 4.275000188499689102e-03 4.275000188499689102e-03 3.847499936819076538e-02 4.750000080093741417e-04 4.275000188499689102e-03 4.275000188499689102e-03 3.847499936819076538e-02 2.499999936844687909e-05 2.249999961350113153e-04 2.249999961350113153e-04 2.025000052526593208e-03 0.000000000000000000e+00
9.025000035762786865e-03 4.750000080093741417e-04 8.122500032186508179e-02 4.275000188499689102e-03 8.122500032186508179e-02 4.275000188499689102e-03 7.310249805450439453e-01 3.847499936819076538e-02 4.750000080093741417e-04 2.499999936844687909e-05 4.275000188499689102e-03 2.249999961350113153e-04 4.275000188499689102e-03 2.249999961350113153e-04 3.847499936819076538e-02 2.025000052526593208e-03 0.000000000000000000e+00
9.025000035762786865e-03 8.122500032186508179e-02 8.122500032186508179e-02 7.310249805450439453e-01 4.750000080093741417e-04 4.275000188499689102e-03 4.275000188499689102e-03 3.847499936819076538e-02 4.750000080093741417e-04 4.275000188499689102e-03 4.275000188499689102e-03 3.847499936819076538e-02 2.499999936844687909e-05 2.249999961350113153e-04 2.249999961350113153e-04 2.025000052526593208e-03 0.000000000000000000e+00
9.025000035762786865e-03 4.750000080093741417e-04 8.122500032186508179e-02 4.275000188499689102e-03 8.122500032186508179e-02 4.275000188499689102e-03 7.310249805450439453e-01 3.847499936819076538e-02 4.750000080093741417e-04 2.499999936844687909e-05 4.275000188499689102e-03 2.249999961350113153e-04 4.275000188499689102e-03 2.249999961350113153e-04 3.847499936819076538e-02 2.025000052526593208e-03 0.000000000000000000e+00
9.025000035762786865e-03 4.750000080093741417e-04 4.750000080093741417e-04 2.499999936844687909e-05 8.122500032186508179e-02 4.275000188499689102e-03 4.275000188499689102e-03 2.249999961350113153e-04 8.122500032186508179e-02 4.275000188499689102e-03 4.275000188499689102e-03 2.249999961350113153e-04 7.310249805450439453e-01 3.847499936819076538e-02 3.847499936819076538e-02 2.025000052526593208e-03 0.000000000000000000e+00
9.025000035762786865e-03 8.122500032186508179e-02 4.750000080093741417e-04 4.275000188499689102e-03 4.750000080093741417e-04 4.275000188499689102e-03 2.499999936844687909e-05 2.249999961350113153e-04 8.122500032186508179e-02 7.310249805450439453e-01 4.275000188499689102e-03 3.847499936819076538e-02 4.275000188499689102e-03 3.847499936819076538e-02 2.249999961350113153e-04 2.025000052526593208e-03 0.000000000000000000e+00
9.025000035762786865e-03 4.750000080093741417e-04 8.122500032186508179e-02 4.275000188499689102e-03 8.122500032186508179e-02 4.275000188499689102e-03 7.310249805450439453e-01 3.847499936819076538e-02 4.750000080093741417e-04 2.499999936844687909e-05 4.275000188499689102e-03 2.249999961350113153e-04 4.275000188499689102e-03 2.249999961350113153e-04 3.847499936819076538e-02 2.025000052526593208e-03 0.000000000000000000e+00
9.025000035762786865e-03 4.750000080093741417e-04 4.750000080093741417e-04 2.499999936844687909e-05 8.122500032186508179e-02 4.275000188499689102e-03 4.275000188499689102e-03 2.249999961350113153e-04 8.122500032186508179e-02 4.275000188499689102e-03 4.275000188499689102e-03 2.249999961350113153e-04 7.310249805450439453e-01 3.847499936819076538e-02 3.847499936819076538e-02 2.025000052526593208e-03 0.000000000000000000e+00
9.025000035762786865e-03 8.122500032186508179e-02 4.750000080093741417e-04 4.275000188499689102e-03 4.750000080093741417e-04 4.275000188499689102e-03 2.499999936844687909e-05 2.249999961350113153e-04 8.122500032186508179e-02 7.310249805450439453e-01 4.275000188499689102e-03 3.847499936819076538e-02 4.275000188499689102e-03 3.847499936819076538e-02 2.249999961350113153e-04 2.025000052526593208e-03 0.000000000000000000e+00
9.025000035762786865e-03 8.122500032186508179e-02 8.122500032186508179e-02 7.310249805450439453e-01 4.750000080093741417e-04 4.275000188499689102e-03 4.275000188499689102e-03 3.847499936819076538e-02 4.750000080093741417e-04 4.275000188499689102e-03 4.275000188499689102e-03 3.847499936819076538e-02 2.499999936844687909e-05 2.249999961350113153e-04 2.249999961350113153e-04 2.025000052526593208e-03 0.000000000000000000e+00
9.025000035762786865e-03 8.122500032186508179e-02 8.122500032186508179e-02 7.310249805450439453e-01 4.750000080093741417e-04 4.275000188499689102e-03 4.275000188499689102e-03 3.847499936819076538e-02 4.750000080093741417e-04 4.275000188499689102e-03 4.275000188499689102e-03 3.847499936819076538e-02 2.499999936844687909e-05 2.249999961350113153e-04 2.249999961350113153e-04 2.025000052526593208e-03 0.000000000000000000e+00
9.025000035762786865e-03 4.750000080093741417e-04 8.122500032186508179e-02 4.275000188499689102e-03 8.122500032186508179e-02 4.275000188499689102e-03 7.310249805450439453e-01 3.847499936819076538e-02 4.750000080093741417e-04 2.499999936844687909e-05 4.275000188499689102e-03 2.249999961350113153e-04 4.275000188499689102e-03 2.249999961350113153e-04 3.847499936819076538e-02 2.025000052526593208e-03 0.000000000000000000e+00
9.025000035762786865e-03 4.750000080093741417e-04 4.750000080093741417e-04 2.499999936844687909e-05 8.122500032186508179e-02 4.275000188499689102e-03 4.275000188499689102e-03 2.249999961350113153e-04 8.122500032186508179e-02 4.275000188499689102e-03 4.275000188499689102e-03 2.249999961350113153e-04 7.310249805450439453e-01 3.847499936819076538e-02 3.847499936819076538e-02 2.025000052526593208e-03 0.000000000000000000e+00
9.025000035762786865e-03 8.122500032186508179e-02 4.750000080093741417e-04 4.275000188499689102e-03 4.750000080093741417e-04 4.275000188499689102e-03 2.499999936844687909e-05 2.249999961350113153e-04 8.122500032186508179e-02 7.310249805450439453e-01 4.275000188499689102e-03 3.847499936819076538e-02 4.275000188499689102e-03 3.847499936819076538e-02 2.249999961350113153e-04 2.025000052526593208e-03 0.000000000000000000e+00
9.025000035762786865e-03 4.750000080093741417e-04 8.122500032186508179e-02 4.275000188499689102e-03 8.122500032186508179e-02 4.275000188499689102e-03 7.310249805450439453e-01 3.847499936819076538e-02 4.750000080093741417e-04 2.499999936844687909e-05 4.275000188499689102e-03 2.249999961350113153e-04 4.275000188499689102e-03 2.249999961350113153e-04 3.847499936819076538e-02 2.025000052526593208e-03 0.000000000000000000e+00
9.025000035762786865e-03 4.750000080093741417e-04 4.750000080093741417e-04 2.499999936844687909e-05 8.122500032186508179e-02 4.275000188499689102e-03 4.275000188499689102e-03 2.249999961350113153e-04 8.122500032186508179e-02 4.275000188499689102e-03 4.275000188499689102e-03 2.249999961350113153e-04 7.310249805450439453e-01 3.847499936819076538e-02 3.847499936819076538e-02 2.025000052526593208e-03 0.000000000000000000e+00
9.025000035762786865e-03 8.122500032186508179e-02 4.750000080093741417e-04 4.275000188499689102e-03 4.750000080093741417e-04 4.275000188499689102e-03 2.499999936844687909e-05 2.249999961350113153e-04 8.122500032186508179e-02 7.310249805450439453e-01 4.275000188499689102e-03 3.847499936819076538e-02 4.275000188499689102e-03 3.847499936819076538e-02 2.249999961350113153e-04 2.025000052526593208e-03 0.000000000000000000e+00
9.025000035762786865e-03 8.122500032186508179e-02 8.122500032186508179e-02 7.310249805450439453e-01 4.750000080093741417e-04 4.275000188499689102e-03 4.275000188499689102e-03 3.847499936819076538e-02 4.750000080093741417e-04 4.275000188499689102e-03 4.275000188499689102e-03 3.847499936819076538e-02 2.499999936844687909e-05 2.249999961350113153e-04 2.249999961350113153e-04 2.025000052526593208e-03 0.000000000000000000e+00
